384 128.00 300
65 47
-1 1
69 47
-1 1
72 47
-1 1
69 47
-1 1
65 47
-1 1
69 23
-1 1
72 47
-1 25
69 47
-1 1
62 47
-1 1
65 47
-1 1
69 47
-1 1
65 47
-1 1
62 47
-1 1
65 23
-1 1
69 47
-1 25
65 47
-1 1
60 47
-1 1
64 47
-1 1
67 47
-1 1
64 47
-1 1
60 47
-1 1
64 23
-1 1
67 47
-1 25
64 47
-1 1
60 47
-1 1
64 47
-1 1
67 47
-1 1
64 47
-1 1
60 11
-1 13
60 11
-1 37
60 11
-1 13
60 23
-1 25
60 47
-1 1
65 47
-1 1
69 47
-1 1
72 47
-1 1
69 47
-1 1
65 47
-1 1
69 23
-1 1
72 47
-1 25
69 47
-1 1
62 47
-1 1
65 47
-1 1
69 47
-1 1
65 47
-1 1
62 47
-1 1
65 23
-1 1
69 47
-1 25
65 47
-1 1
60 47
-1 1
64 47
-1 1
67 47
-1 1
64 47
-1 1
60 47
-1 1
64 23
-1 1
67 47
-1 25
64 47
-1 1
60 47
-1 1
64 47
-1 1
67 47
-1 1
64 47
-1 1
60 191
-1 1
41 47
-1 1
53 47
-1 1
41 47
-1 1
53 47
-1 1
41 47
-1 1
53 24
72 24
41 47
-1 1
53 47
-1 1
38 47
-1 1
50 47
-1 1
38 47
-1 1
50 47
-1 1
38 47
-1 1
50 24
69 24
38 47
-1 1
50 47
-1 1
36 47
-1 1
48 47
-1 1
36 47
-1 1
48 47
-1 1
36 47
-1 1
48 24
67 24
36 47
-1 1
48 47
-1 1
36 47
-1 1
48 47
-1 1
36 47
-1 1
48 47
-1 1
36 24
60 11
-1 13
48 24
60 11
-1 13
36 47
-1 1
60 47
-1 1
41 47
-1 1
53 47
-1 1
41 47
-1 1
53 47
-1 1
41 47
-1 1
53 24
72 24
41 47
-1 1
53 47
-1 1
38 47
-1 1
50 47
-1 1
38 47
-1 1
50 47
-1 1
38 47
-1 1
50 24
69 24
38 47
-1 1
50 47
-1 1
36 47
-1 1
48 47
-1 1
36 47
-1 1
48 47
-1 1
36 47
-1 1
48 24
67 24
36 47
-1 1
48 47
-1 1
36 47
-1 1
48 47
-1 1
36 47
-1 1
48 47
-1 1
60 48
48 47
-1 1
36 47
-1 1
48 47
-1 1
41 47
-1 1
53 47
-1 1
41 47
-1 1
53 47
-1 1
41 47
-1 1
53 24
72 24
41 47
-1 1
53 47
-1 1
38 47
-1 1
50 47
-1 1
38 47
-1 1
50 47
-1 1
38 47
-1 1
50 24
69 24
38 47
-1 1
50 47
-1 1
36 47
-1 1
48 47
-1 1
36 47
-1 1
48 47
-1 1
36 47
-1 1
48 24
67 24
36 47
-1 1
48 47
-1 1
36 47
-1 1
48 47
-1 1
36 47
-1 1
48 47
-1 1
36 24
60 11
-1 13
48 24
60 11
-1 13
36 47
-1 1
60 47
-1 1
41 47
-1 1
53 47
-1 1
41 47
-1 1
53 47
-1 1
41 47
-1 1
53 24
72 24
41 47
-1 1
53 47
-1 1
38 47
-1 1
50 47
-1 1
38 47
-1 1
50 47
-1 1
38 47
-1 1
50 24
69 24
38 47
-1 1
50 47
-1 1
36 47
-1 1
48 47
-1 1
36 47
-1 1
48 47
-1 1
36 47
-1 1
48 24
67 24
36 47
-1 1
48 47
-1 1
36 47
-1 1
48 47
-1 1
36 47
-1 1
48 47
-1 1
60 48
48 47
-1 1
36 47
-1 1
48 47
